$ 193 1e-8 5.023272298708815 25 5 50 5e-11
431 576 224 592 224 0 10 5 9 0 4 9.4 0.3 4.4 5.3 20 -2 0
v 368 592 368 432 24 0 40 400 0 0 0.5
w 368 752 432 752 0
d 1024 592 1024 432 2 default
d 1024 752 1024 592 2 default
w 992 592 992 512 0
w 992 672 992 592 0
w 1024 592 992 592 0
w 992 464 992 432 0
w 432 432 992 432 0
w 432 752 992 752 0
w 992 752 992 720 0
w 1024 432 992 432 0
w 1024 752 992 752 0
w 1024 592 1056 592 0
w 992 512 992 496 0
w 992 512 912 512 0
w 992 720 944 720 0
w 992 704 992 720 0
w 944 480 944 224 0
w 944 224 816 224 0
w 752 256 912 256 0
w 912 256 912 512 0
w 816 288 880 288 0
w 880 288 880 688 0
w 880 688 944 688 0
w 752 320 848 320 0
w 848 320 848 720 0
w 848 720 944 720 0
r 752 288 816 288 0 1
r 752 224 816 224 0 1
r 368 432 432 432 0 0.002
w 736 320 752 320 0
w 736 288 752 288 0
w 736 256 752 256 0
w 736 224 752 224 0
w 608 384 608 400 0
w 640 384 640 400 0
w 672 384 672 400 0
w 704 384 704 400 0
r 432 592 496 592 0 0.0036000000000000003
l 496 592 560 592 0 0.0000032999999999999997 16.04203960103488 0
w 592 592 560 592 0
w 640 592 624 592 0
w 640 592 656 592 0
w 704 400 704 416 0
w 704 416 640 416 0
w 640 416 640 400 0
r 672 544 672 496 0 1
r 608 544 608 496 0 1
w 672 448 672 400 0
w 608 448 608 400 0
w 1152 592 1104 592 1
c 1056 592 1056 432 4 1e-9 -800.9698888252701 0 0
c 1056 752 1056 592 4 1e-9 0.9699128185232859 0 0
w 1056 432 1024 432 0
w 1056 752 1024 752 0
w 688 592 992 592 1
p 672 400 704 400 1 0 0 10000000
p 608 400 640 400 1 0 0 10000000
p 736 288 736 320 1 0 0 10000000
p 736 224 736 256 1 0 0 10000000
w 672 496 672 448 0
w 608 496 608 448 0
r 592 624 640 624 0 10000000
r 640 624 688 624 0 10000000
w 688 624 688 592 0
w 640 624 640 592 0
w 592 624 592 592 0
r 1104 752 1104 592 0 10000000
r 1104 592 1104 432 0 10000000
w 1104 752 1056 752 0
w 1104 432 1056 432 0
w 1056 592 1104 592 2
434 944 480 992 480 0 0.05 1.5 1000000000
434 944 688 992 688 0 0.05 1.5 1000000000
434 672 544 672 592 0 0.05 1.5 1000000000
434 608 544 608 592 8 0.05 1.5 1000000000
w 640 416 640 592 0
d 640 656 592 656 2 default
d 640 656 688 656 2 default
w 688 656 688 624 0
w 640 656 640 624 0
w 592 656 592 624 0
v 368 752 368 592 24 0 40 400 0 0 0.5
w 368 592 432 592 0
w 1152 752 1104 752 0
i 1152 592 1152 752 0 40
g 1152 752 1152 768 0 0
o 61 16 0 12294 20.000000000000682 0.0001 0 1 HIGH
o 60 16 0 12294 19.999999999999996 0.0001 0 1 LOW
o 58 16 0 12294 20.000000000000007 0.0001 0 1 RIGHT
o 59 16 0 12294 20.000000000000455 0.0001 0 1 LEFT
o 74 8 7 4098 0.0001 0.0001 1 1 788.8985932118472 TH\sPower
o 87 4 0 4098 1280 51.2 2 2 87 3 LOAD\sVOLTAGE
38 0 F1 5 9 9.8 -1 Tal_on\s[us]
