$ 129 1e-9 16.817414165184545 50 5 50 5e-11
431 816 352 832 352 0 10 5 10 0 5 2.5 7.5 7.5 2.5 20 -2
r 976 352 1040 352 0 1000
w 976 384 1040 384 0
w 1040 384 1040 352 0
w 976 448 1040 448 0
w 1040 448 1040 416 0
r 976 416 1040 416 0 1000
g 1040 448 1040 464 0 0
g 944 576 944 592 0 0
g 880 576 880 592 0 0
r 848 512 848 576 0 1000
r 912 512 912 576 0 1000
w 848 576 880 576 0
w 880 576 880 512 0
w 912 576 944 576 0
w 944 576 944 512 0
g 1056 384 1056 400 0 0
w 1056 384 1040 384 0
o 1 64 0 4102 20 0.025 0 2 1 3 High
o 6 64 0 4102 20 0.1 0 2 6 3 Low
o 10 64 0 4102 20 0.0125 0 2 10 3 Left
o 11 64 0 4102 20 0.1 0 2 11 3 Right
